$ANSIBLE_VAULT;1.1;AES256
66366132646563393635363734363538353965373765383233366362313236373631373761316437
6431353066646537306532643330633537393763363463620a626432333035323166383963313265
66386463643161373562643836353932623630633866363261333238336336393165313831623535
3939613962333362310a376139303939623031333663313437623038643834343730633464303432
33666332386466653263313364633938383736363662373131346163373135626130373531623238
64316636366439316162643739613864373132653933373065653234316365303538336136666439
64636532613866643865393261353532393564393337383435393034326338373066613831373862
61363465623336393434663432333133396633333663623732356630356330353762656232356361
34373735326335333330623134623264376332636136653938316332633164386433313332306166
38393462363530396130656137363934346530303666383465363964393862366634376635376538
63303030643435393733333836613438646662633661383864303463383066333835353039653066
38346530616538393163633939323039343064663035393834393133313733336464663265626639
36383132313337323463643430663564643161656435633530653563346532373364
